16218
8117
28661
8490
8168
27384
25292
28315
14013
31652
18332
4335
7940
4901
27347
4195
21768
29239
3575
31046
7938
6090
4540
6074
24101
8569
1472
17166
19209
9701
23872
18365
19549
6608
20137
27693
5450
1651
3143
5174
31926
17625
17025
24892
9827
16514
9025
23643
23298
22314
69
1253
26236
5189
21287
1179
10216
5364
27057
11852
13838
5634
5335
21776
31306
8579
22216
13405
5387
3431
20240
24961
5417
29120
27260
12060
26032
13096
23204
18767
493
13391
9046
10909
13548
440
31069
12305
5824
25960
5317
14445
28068
15528
522
10632
5411
23872
7091
20430
27529
534
28873
19069
7302
20090
25296
13332
12749
6755
10262
15435
1933
5617
13208
26822
28961
19147
10182
29200
5712
25355
28677
10056
15891
5714
15310
10556
20772
27723
29433
2742
13714
16674
26984
6886
11246
20256
19855
23872
29005
4822
27960
21344
24498
14778
24543
27810
1584
6681
14313
10509
31224
21217
14798
22555
18555
16036
16983
15129
7407
1795
24684
21656
1803
2333
25538
2008
28451
1113
9049
31769
27373
21280
7417
17180
24330
30467
6298
17411
28814
546
17107
2010
21390
768
26266
4478
12617
6991
29387
16953
30849
30187
22795
2851
15890
17160
27179
27697
28670
30123
8496
30389
31321
10905
24002
27841
21259
29196
23842
15725
8010
15320
1179
19434
15250
1099
24812
9720
9010
3745
8007
27261
14167
2203
9342
30959
17543
31048
12243
19444
22853
3165
4114
14883
5335
23092
7839
27278
10011
5047
22974
28687
19896
6112
3352
7730
3171
22327
10315
16073
16885
22413
11250
26960
6957
30943
13792
24040
17283
28805
18422
6256
19256
856
4451
20014
19560
4345
9753
30413
12543
23770
24849
23700
8014
29105
16031
15858
9910
23780
8114
14191
28114
23883
22159
2447
15224
844
4198
26356
10521
16806
6613
17838
20313
1300
5465
26732
30375
23791
23118
6603
27153
15239
23385
16694
200
979
5909
4296
3671
16678
15041
2073
20548
5404
217
13600
6845
9905
27740
18179
9935
22480
8215
20563
27528
19206
2905
22913
13075
4587
6134
26865
7803
26475
15815
30481
29628
1402
12715
17625
14687
18582
21815
17201
6271
2543
28645
18359
10194
29986
31991
3262
25062
6332
7259
185
13103
30401
28482
17231
8183
18862
5586
26473
26744
12492
4029
28898
17399
3479
2250
28069
17483
27861
17172
2130
30491
14951
18383
22161
7041
28390
28622
14498
28789
13944
25942
29203
27946
5931
7181
1170
26747
3267
10396
13566
21679
9151
11901
23239
5059
10608
2830
8022
5671
27544
13264
31636
21518
21218
26319
20338
24484
4900
7861
18585
31909
7046
4839
4167
29787
25724
4856
15530
604
17309
31802
12367
28307
11049
11999
10700
784
1330
1887
10144
18959
12232
27179
27177
29540
12380
17873
14118
10355
4281
22688
24037
9612
16861
9412
23787
29146
13450
27433
10478
9858
2331
29929
18062
21846
27608
19667
25722
21704
26294
19577
24769
11865
19756
18093
27432
16676
5662
1066
1735
8386
10657
19627
9505
18582
28417
23719
17452
24937
31342
17370
24597
3757
20163
22272
11664
26406
16572
30630
2236
29178
18152
12924
17261
22058
8265
13738
15289
18563
5795
12229
26595
12282
18283
7523
9246
31266
226
11650
21325
6639
1289
23206
28138
23400
30986
21475
26471
13998
18631
5182
28002
4504
27857
7276
26049
22848
16608
15991
17189
14559
7080
31164
11792
15548
3694
31629
18459
21981
25147
22139
14681
29696
25415
13979
6659
17471
21090
11268
10993
27638
30377
10576
16977
3954
29614
15359
21644
4065
5743
20872
20216
289
25664
31350
2199
31434
22607
8870
19858
1030
2162
31629
23889
27424
9650
17710
17324
21312
12963
19173
18569
24922
31750
21550
12890
20084
28166
14906
18360
20063
998
717
11107
9471
688
28529
28070
29206
16868
7079
19118
5010
9843
8724
2257
1280
9268
17837
663
14318
4073
10871
16671
29337
2569
30858
14419
24020
29589
26653
25207
17006
1527
9015
8352
12133
11624
30183
11026
26245
1099
11404
26437
3671
16778
18633
26590
7897
9057
7435
23062
13182
15878
10062
16353
8751
13192
29119
7814
31066
9553
13164
9439
20737
10897
15772
22245
11872
19468
31477
21334
17882
648
30113
26902
5794
29865
30591
29294
21039
9086
9451
23202
31597
7902
16256
1832
9253
11393
1844
10728
3021
18522
12342
8172
11054
31781
6215
11217
808
22640
16800
30183
21479
13018
16126
30416
7065
11794
21341
16499
21013
4959
14587
30849
5195
8205
27732
10902
22501
18678
21911
8153
8503
5827
22807
23607
27797
27486
23491
6019
18794
31463
776
1194
5145
8441
11642
26378
2237
11923
28935
31594
26788
2795
15771
11463
29778
15026
11210
15279
26609
9694
3936
13847
10961
31068
9186
26243
5338
11869
17335
12036
9934
6191
30952
689
3812
11908
4681
14343
5896
823
18776
12421
14402
11067
3246
17605
9779
13385
2816
24662
1108
27899
15463
19862
16244
8827
20685
2470
3481
578
31720
24614
28977
10521
16283
3952
2449
19668
20568
1847
25446
3960
21350
8817
12666
14312
9197
8666
25987
9644
10967
15272
26074
18507
1194
1235
19161
1870
2472
30323
26180
27294
770
526
1738
6375
15600
3755
11937
9267
22663
23876
28084
15094
6663
2619
20438
13459
1350
9571
29862
21800
13608
22515
20263
9561
6656
18093
21692
5596
26625
30724
29099
15743
1972
31868
12866
18400
10089
10712
29829
2600
22879
10466
18032
19495
27398
26575
21708
23035
25204
4218
6696
29
13366
25380
30655
27434
23297
13865
29111
24255
24609
27825
250
30874
9373
3773
9924
26870
6999
17121
9512
19872
15469
24901
750
10087
1222
29815
2151
23672
20496
11963
23472
13437
19715
27953
26822
17598
3720
9329
23450
5263
5465
28734
17278
3869
504
10337
15103
4653
13516
1279
29627
29418
6611
24679
10209
18511
29214
16381
19909
13348
8465
11715
5930
31799
2040
16821
27561
18226
9784
15411
19538
18801
7275
31767
30242
22004
4257
11965
8610
31022
9531
22030
31289
28650
22520
1187
9544
28907
17681
20841
24021
23350
28459
19408
22988
27589
6105
2554
9974
27089
28102
12745
30550
7329
4870
8225
19489
14880
2596
23352
7320
642
31236
980
14550
27119
27310
335
17486
8293
24812
1658
21237
13326
30732
31834
20164
847
31893
24991
16802
2560
13190
23811
12188
5981
28017
27457
27806
14447
3429
29588
19958
29550
9833
3985
4219
11737
11119
29384
28212
850
1129
1496
29465
22731
9488
23519
26613
11899
19013
29588
30531
7822
15401
22673
14385
11462
6015
4157
10955
7863
6522
4064
22976
31934
8024
15439
26051
23485
9916
17589
7811
30245
26326
23989
29620
20355
6934
3362
2430
2748
4166
12556
23140
13100
23942
6334
27
29320
6469
17534
29779
2628
25109
19375
2064
999
16529
9044
22402
3876
10981
2451
31327
23070
653
28409
7908
30860
5016
520
25839
21392
12418
17807
22834
22218
13695
17674
1637
2985
5560
31453
13685
10588
17296
6967
1280
21995
2072
2621
28330
29156
3727
29906
30176
29515
26350
6545
24929
26724
3715
21966
18181
27910
11814
2226
17408
16887
13998
18227
24309
7858
5237
24856
22832
17728
28733
6192
27321
7167
24727
24183
25657
18688
26064
27116
4253
23762
21739
915
20278
2366
12317
23992
8376
13426
9373
4887
5630
17566
7737
9681
8422
24671
4077
1217
29682
17393
13175
20915
16028
12302
8586
20389
10470
10286
10592
12461
30486
2947
21679
14710
27176
23016
5441
18697
9946
30955
22879
26106
31797
12704
2036
29044
2556
271
16671
27960
16032
8037
23441
29256
20412
756
23379
22339
28167
28224
30998
17595
13555
26209
253
8842
7524
4549
3803
25010
12272
15755
9453
15310
14590
31101
31361
21305
17058
6987
24242
1257
21404
930
23764
5130
30227
1816
18666
7271
29917
3334
25251
28873
22614
3875
25214
27397
16107
7980
14976
413
19054
12157
8945
25164
12991
17641
3357
11815
633
15042
19940
9508
952
653
28932
22955
26405
10892
22780
20552
9492
28210
26339
9876
8990
11272
12613
24366
24815
22747
14543
17673
11007
12150
19532
1669
28898
3523
9586
25953
17198
6646
10309
20599
10857
27601
20038
8136
459
23456
30738
15687
8652
31027
9261
3657
3904
3432
20074
23068
9231
15070
14188
12892
10760
30348
3497
10633
1081
2815
12695
30590
28970
7478
8957
26562
23702
31779
6188
17229
5362
2429
14755
23555
8080
10376
28479
14193
4244
12285
29931
28275
18851
4749
1465
11394
758
25287
19840
6862
16894
217
25149
18810
13603
17425
31434
31058
7618
1654
11925
2856
6035
30867
14426
7385
27960
19204
15142
3829
3943
2471
31128
27463
5917
27442
3868
30860
3810
27108
16876
2993
6478
9075
11679
19629
7037
15916
326
10956
19134
27346
2225
21926
17816
30678
18841
23037
24936
23494
26315
8929
30889
31626
16055
367
18035
12159
18173
21991
14511
30405
9410
3436
10388
20091
17747
4703
21212
8144
8713
1207
29674
21929
20219
16755
25182
20622
8848
11608
4000
22711
31329
26208
17857
593
19285
3023
29221
27668
16589
15145
18020
24502
25677
8450
7722
25107
2122
22251
4991
10816
30106
4048
239
8497
13368
25293
15414
15126
31496
30695
11701
15684
9556
15065
15140
26257
19336
27451
21433
18328
16524
22775
15637
2728
2869
20572
12609
10222
20531
29833
30324
11113
6541
23171
15659
8953
19151
16341
739
20266
8714
28620
155
31509
18754
14005
28496
19099
21786
10871
8042
12880
20872
16107
31447
12813
5930
1038
8355
10911
1122
18630
21335
16836
11535
5534
28090
9212
28589
28361
1705
9967
22258
7724
11009
22983
29077
22868
28089
18730
25543
1564
19735
6683
9713
26666
9304
18430
10106
24626
22575
23124
15295
1155
8631
1074
18127
10297
12341
31130
4972
29469
27429
21669
19732
2493
1377
4590
5021
15754
6541
7462
14504
8478
9907
756
27001
4889
7673
13443
8502
19674
21705
30013
3475
2859
6741
14916
26948
31269
14017
18626
1557
29607
31399
17510
19224
29131
4726
27485
11247
14420
15636
20753
7718
25168
25793
11286
5923
14003
2134
4451
25423
27005
19874
9005
2114
24168
20045
17677
13535
14617
24151
15312
22207
28840
2394
6616
30074
17596
30928
20034
27729
4485
7958
17932
25642
21850
19482
20058
25520
12578
6414
28581
23096
19797
24551
14496
21394
10188
1375
24340
31388
26002
19396
28669
22081
13596
26475
11735
31192
18476
14462
2644
2002
16076
22127
7001
29170
21386
12000
8167
6206
15694
9782
25192
3769
11216
5484
13877
18450
26564
2967
9673
1600
12546
253
19359
29215
18994
24502
15103
13500
25727
6355
3495
30073
24634
27134
25582
18118
25775
20107
26280
28299
4499
19296
11767
25756
25138
21958
31536
15154
5111
24076
3246
44
12448
29903
16677
27715
26201
27472
24198
10517
30768
13882
21135
30460
11492
13936
5879
1115
12724
14390
23844
8929
22730
28844
2295
6326
22977
31899
19836
7486
28401
21198
24268
27738
24006
9237
6227
1869
14538
7223
20635
31968
30710
19610
15495
21148
26165
11706
25331
29074
29903
12961
26434
8997
6636
17970
17968
5093
19087
10147
22296
27677
30403
5260
10679
17817
1469
3673
27942
10988
23080
31833
23397
16377
30945
17484
1099
27819
15332
26751
3508
5887
21824
23359
15632
22657
16782
430
6314
26944
30797
16561
12894
1062
9080
12614
11698
19437
23070
24625
1394
28107
31627
18292
14270
4401
259
15819
8697
15891
2449
22528
15799
18077
19180
29403
29216
27987
14390
26265
19349
2828
31711
28890
5360
30761
10597
29325
1113
30413
19162
11072
11834
9593
28709
17338
5153
8797
30111
29138
22154
18055
904
29827
31473
13308
5123
20351
6775
31146
10169
14475
12644
18834
28903
226
21245
31640
25831
12890
25548
221
31127
29545
13622
3788
25742
24528
6183
19380
28702
25732
4095
16822
9712
11925
24738
17353
27909
23296
5529
27581
23281
19526
20826
15024
11646
16059
25448
30020
9002
3864
6416
13328
1894
29741
19643
1064
22496
4930
4476
8309
11422
19685
26180
311
22186
7689
16689
24230
29450
16110
1527
29545
4414
8541
25624
20163
8226
14891
6266
27207
9627
23019
1378
10780
30734
18527
29368
14525
12151
4280
19279
31256
25926
12648
21861
26745
8406
28432
11980
9456
2053
12591
3515
9754
13090
3929
3919
22604
26615
30704
19226
14465
2333
10422
20851
13894
475
7686
13160
3577
22932
31564
15459
16585
19420
27749
13372
7825
28286
23010
16179
7147
12822
5006
27606
9677
6391
30234
19480
31317
25590
22846
28865
3637
16143
31707
28663
24504
28788
8156
9471
727
16612
750
12200
1224
30337
23622
29244
26641
14591
28151
29180
10400
31885
19136
31494
7189
5438
20027
14190
20554
26549
8736
30743
20694
21260
23295
25146
27090
14945
19884
669
15129
14070
17884
10179
19486
19182
12145
1889
25139
30904
21439
19989
17806
22329
4110
3440
9781
2304
14294
27496
10696
13287
9415
1064
14410
17109
3587
8632
1158
1381
5535
31853
293
13343
17361
9679
31517
22612
5435
9183
6276
5643
15061
6518
23349
21885
3219
12573
4638
30991
12927
10761
991
17079
15244
17003
15570
27136
17377
11770
31863
2184
22
30635
30498
29833
3962
31800
21124
16245
17012
15617
7093
11465
4436
14153
17435
22360
1112
25155
25219
3480
20255
18554
17067
20746
1997
17563
18773
22806
25268
13859
1101
30280
30490
22706
5077
23238
26669
24082
21339
2068
22915
22905
4618
24125
8514
19632
13959
13201
14697
18212
2977
13943
2244
15438
21275
16792
18811
24680
8688
4077
31231
1810
9119
1988
972
2578
13897
13531
25212
20743
13205
9296
21728
28513
28538
14844
14242
4052
27052
19638
14224
18518
819
2261
20189
790
9338
22220
12473
24737
19350
30956
23310
13671
31682
13486
22366
24727
27808
31561
18617
6033
1864
26241
16941
11120
15299
30028
25961
22748
31788
28858
23900
12365
27401
27403
6216
244
988
29666
8672
2252
19676
18113
8751
7336
20456
3160
18665
8408
23781
25209
21588
15303
24348
13040
8637
31787
2357
25476
3323
13710
30239
17388
5780
17800
7459
6124
3961
26045
9407
10493
30166
23196
23599
4806
30185
9911
5287
27473
9115
12908
31311
19917
7023
26040
2648
28360
13204
18796
14052
13791
30449
30875
30121
9956
3738
6403
169
31056
1871
16472
7232
31989
31004
26890
14446
9074
30996
30486
768
22118
21598
6736
23405
7434
18836
19336
17344
29484
19177
7837
20001
9189
19877
15952
15894
29299
24241
26926
318
27504
10738
4153
23666
13584
24133
25857
13256
31761
31133
27574
19505
15750
27495
27281
28395
25733
16054
781
10581
970
24077
25169
17822
14190
18446
22265
28009
24278
20905
23193
8587
5815
16175
17120
4823
18180
9894
17756
20126
6289
22589
10645
21982
386
13998
7763
19956
17115
8141
16483
1634
11248
1984
10788
9661
28213
10330
358
2107
22612
24354
24628
13514
18210
6223
31522
27094
4071
25500
25976
21776
29970
2760
16780
8976
8873
5812
24483
23028
21312
11472
7890
10284
4801
10453
3864
17871
7613
4084
3808
31636
5129
26575
16786
29328
7700
26419
24980
1280
25280
19700
3520
19556
21046
13351
15551
6785
16157
22878
12419
30094
5954
8503
19195
16373
21641
24849
24046
4275
20387
5492
29921
7214
15334
2045
31905
30705
9069
344
1483
12022
10074
29980
1998
2191
18444
29129
26949
19139
20313
23689
21001
11529
25493
15220
19982
6092
14711
2222
18015
7286
23574
11286
26594
23773
25341
26371
31388
14045
5340
5109
25144
2725
31235
23445
8078
8901
8511
2452
23096
6275
28724
7203
14226
15848
27747
4531
29361
29754
7833
15121
2331
18777
15024
13804
28069
27921
21
14274
16331
1665
29906
22408
7636
27724
9832
23216
10027
11469
28376
12608
6872
27155
13258
26181
21829
25012
7627
12422
5937
12619
14501
23910
17262
31374
25313
19720
13718
24136
31957
8949
15239
5775
11470
8144
24148
22450
25466
8110
5270
8986
31867
27084
15375
30097
1539
27059
20125
12900
2473
699
29706
30361
27776
21896
19546
11718
26637
22440
29247
25738
23991
20754
11821
13198
2884
11535
10768
9687
21727
11436
9272
9688
11027
13254
343
9908
31255
24294
22291
17373
7039
14893
12312
27641
28630
5677
19875
26256
9815
27729
2301
22095
28370
6474
12913
5851
21704
4356
25411
4236
19637
15128
22669
27966
10777
4073
10579
11923
29546
12843
21439
31895
17282
20152
1533
31573
3833
30391
12667
11038
26045
23550
17079
16386
6162
1623
21758
28989
11122
17655
11123
29573
29160
3048
15764
27443
27595
15152
27729
2198
7234
22240
10591
16434
8887
18345
17207
20370
25657
14108
19207
16471
24888
25072
2001
22733
28954
19426
18649
26299
4577
28429
26961
2177
11794
11026
15251
17184
5634
27493
3706
18398
15007
23801
29236
801
1681
4712
11190
2998
8967
17398
19411
29395
22282
19291
774
27696
23201
7836
28310
8627
30929
12057
4938
3101
29957
12267
10746
118
21934
8729
19129
11756
11690
23867
21249
22011
23925
10905
18627
3026
21449
26582
8324
1810
7664
23199
19736
21441
160
11733
4127
28505
29173
2937
2270
14145
24370
9981
28438
29083
19651
14697
14821
28135
8691
29011
15330
14678
4899
6359
12478
9077
10439
26191
4515
21655
29227
6076
13873
16200
24235
11232
19006
28657
26521
1959
24655
486
15153
24846
29735
29945
24523
7923
7865
20553
9664
29779
29458
26860
2157
4067
31959
11176
11218
18507
13129
25641
13659
19203
14041
18879
15251
15230
20423
22023
31005
1034
19708
18071
6251
4357
565
7622
2639
7523
22637
20120
17371
26516
5137
18381
30036
18218
922
9756
15856
31969
15795
10921
30063
29994
8824
8088
30470
31001
26511
14685
8235
28111
3173
578
5974
2204
14528
27148
4966
18782
18446
30246
16810
18995
12333
25480
15168
13323
31193
23376
12305
6936
25681
2442
27802
12113
27887
9760
16148
4783
30329
29366
9407
7088
22711
24185
22980
28492
16503
28473
14397
24164
3878
18415
29230
7165
15519
29518
14040
29632
26919
16562
22588
6747
17736
23402
30036
30498
8148
12125
7008
19328
22631
9878
21189
3404
26323
15755
12953
21696
23366
24333
17969
6699
30094
24278
8897
28286
10486
9820
29312
31505
12561
16005
20695
19201
19744
15778
18369
7707
15439
9310
18532
31353
28499
31837
17174
8085
8825
13754
6836
23623
17609
22711
25098
8897
27125
30839
27843
26653
7572
5059
6474
28493
22334
30192
9135
27640
19930
6092
30814
31261
17442
21975
12098
20281
26771
7384
12346
30901
11355
8723
13555
21324
4203
332
1658
31944
24125
20724
6724
28075
19438
18896
6195
23106
8064
6518
17263
4538
15854
31509
11019
20242
19674
21273
26771
14242
19423
23925
31676
2413
115
14677
26984
31072
7088
1789
22535
29090
17589
25345
29988
31456
17138
1573
22279
14576
23766
270
27377
8851
31429
10813
8267
21068
29300
22791
12095
18786
2525
31570
15004
30688
20468
19539
30982
10016
2504
11152
21947
8034
22217
14413
10852
17768
17369
24740
26748
4021
1431
17897
29487
22644
10744
4091
29345
19673
9908
2809
15558
16261
5779
29242
13590
14762
21702
2208
31704
29892
10046
19094
21768
9951
11787
30945
23422
29551
26269
5197
11195
21818
22075
401
12400
8481
24270
19388
21634
11520
19835
20251
20879
23802
16099
26055
6585
5183
15603
5123
8322
14180
12009
21573
13166
1868
15168
17696
9603
9664
25726
3725
26332
30128
18080
3662
12332
7443
4052
27610
27788
15971
1649
31001
13385
16861
19584
20958
26389
15159
15297
16241
1875
16708
26645
14318
2069
30681
29944
5746
15376
19115
30451
13053
4036
7296
26847
16215
29115
31453
12607
26243
3733
12999
16360
29402
5927
25393
29968
13135
640
8556
8424
8562
10753
15306
1939
22492
4991
23750
29751
26005
9385
11120
10420
9554
19657
1006
26024
25459
18046
19684
2833
10166
13251
19348
22750
11775
17830
25188
18421
25411
2014
2598
13004
20644
2681
19174
22628
15519
14811
454
11618
27934
31674
25587
20886
21683
6344
26994
2454
8655
2271
21458
7572
12007
20777
22010
18664
28099
4358
12565
810
14285
9718
15804
21225
10394
12828
13258
9903
3691
29240
27595
21866
10275
26804
17803
25554
9073
2780
8708
1380
29247
1030
31688
31407
8902
14619
14201
9203
26717
20625
9445
13553
19729
10503
29395
12902
31301
30367
3196
29549
709
12139
13144
8821
23738
17681
27014
21329
12732
6468
6551
15153
28471
6627
16893
3458
3289
1646
8003
28432
21467
13675
29133
14703
4304
2564
1551
23304
19392
25277
16862
17056
6819
17120
27841
31800
21891
629
28884
13603
31070
4414
28159
5833
7317
22480
8997
21459
25077
16043
30469
6463
30544
22460
16785
14698
10872
28466
27604
15677
20912
17409
3706
27080
11785
670
25936
22489
10991
31296
24752
25946
19538
30112
29830
16092
7462
20503
26799
8613
4144
27461
7430
14060
4414
28322
10318
159
19970
23231
19217
25963
25223
6110
15549
19091
4499
25461
29944
13649
19223
669
17838
15160
22018
14756
22401
22676
19974
29640
11397
29888
17489
25306
2918
18366
10576
22142
27375
17553
5338
22215
9777
7883
21625
26173
16452
18847
17925
3739
23758
27801
22333
24475
23052
27124
6803
4481
30379
19334
22727
14404
31233
4901
6845
29696
30510
31585
30885
30849
23225
16327
24098
314
14386
21577
7509
24013
1819
8015
26968
31768
18895
15985
4103
12881
20770
10533
3772
18509
3701
10934
9432
1914
8727
30279
21343
10478
6582
30626
27848
9972
26422
26001
5760
15317
9032
14858
14832
3555
20797
6521
7109
17619
3810
2023
13149
18865
1992
9782
5300
20051
6902
31086
4949
22971
17758
6010
22078
4076
20889
27036
15510
3756
14264
24050
24648
8955
25594
28790
788
20170
31607
9015
3096
31564
21040
3357
7906
15919
11278
19959
31749
15646
19202
30867
6169
2969
26329
25171
30640
28961
30826
15701
28285
19126
6175
2690
13963
8803
2316
25152
7615
25811
16390
27082
7153
17230
4631
23585
9832
14686
21210
15524
27302
31332
21
8959
1239
23000
16046
28095
27003
8639
27450
4981
375
22037
6290
4602
26247
3848
17406
1320
11771
29012
25250
27947
2926
7828
23546
3779
27492
6312
1031
24946
18975
25415
19640
20351
1375
31799
7902
10603
12781
14282
22666
7261
17778
22070
1288
9972
27169
9770
10446
3664
8147
1389
13207
7256
23839
11738
5275
1923
5128
3334
4083
9728
27497
272
6882
31903
16323
26042
28653
30076
6409
27673
9712
25639
17449
16329
19516
3654
25241
22313
3193
9281
21386
25626
31424
10560
22929
19235
23449
2805
15332
29201
20097
55
9705
7260
17888
19829
4769
1612
27526
11144
30090
28607
11990
28636
11103
27182
20320
26377
15381
10423
8386
29940
26559
26424
28180
30927
10245
11361
15659
21978
870
1062
6399
21815
4343
24561
10990
21127
11948
23829
23472
9366
914
19782
812
7897
17338
21878
25709
28561
7579
18412
12556
17075
14594
31649
96
3329
2703
6551
28729
28210
22173
22614
11409
25099
5173
4204
17442
6361
28360
17933
5669
3675
12066
22544
3394
3126
27057
17812
5925
25098
16467
2696
15604
12422
19571
4238
17394
9601
28544
10377
21851
13041
5265
1058
6367
31433
17092
1698
28324
19653
15052
8371
16214
4204
16818
18076
12029
17668
31212
4909
26850
6028
11778
21005
4877
23595
21612
19287
19814
22727
3799
3175
19530
1535
9140
8902
8111
4790
16369
405
28151
25109
3355
9134
24022
9066
13388
21378
1052
5756
10864
7988
22596
19475
16153
9812
18490
29995
20464
15292
16271
31972
9668
7316
9874
23636
4346
26793
5031
27118
15900
6732
10302
22542
23905
13743
2572
29580
9318
28314
27033
28975
12254
20320
14589
28699
1099
30846
22889
24080
3342
24318
22224
9176
7947
2562
20757
30984
15513
3908
2184
14604
7385
25030
863
29806
11781
22396
26767
11401
17131
9646
22641
2950
12320
11314
24783
13942
2308
5361
27805
9530
17200
21154
10456
10466
3373
25161
13115
8492
6800
26007
21082
149
30181
19630
11701
16283
22067
8929
26704
19561
1095
12100
4138
27304
29572
26693
25534
15083
5473
26267
10290
12876
12555
7733
11774
27415
15618
29830
22355
12676
16234
22749
8588
28186
12110
8643
23689
28508
3630
2782
28194
20284
25936
25860
25723
14584
30297
21137
15236
27876
3401
6742
20344
31529
25458
18668
2917
31486
6232
6722
4725
2642
11362
8415
29798
20990
11787
13379
23354
29475
7327
24207
5652
2076
8308
6002
2570
25407
14500
31372
5429
16242
12984
19604
8712
5798
9292
3093
5875
24928
9763
15378
10384
24387
30215
25896
25048
3772
6654
26370
18215
24137
11985
20285
23112
3866
841
25197
3961
15851
4247
20383
8130
15572
23275
2427
30593
22485
28760
31810
23144
22387
17789
7728
10071
16171
27279
3582
9558
971
5744
21884
22284
7445
22335
20935
7990
20634
20638
30862
7093
19628
25835
25646
4097
5765
31208
5821
6380
6890
3304
908
20276
24196
27797
18964
28260
12271
1152
28212
27413
9616
1822
23452
3128
15154
1988
2101
24924
16033
5964
3060
17300
24203
23673
20235
23160
6977
25584
20311
4082
3662
30140
20359
18612
4505
13419
19852
27939
17857
4324
18299
22908
20163
26723
17887
4731
3075
24559
17940
23971
540
15314
1232
21202
9034
9552
29111
18376
29245
22137
30637
11539
11364
4316
2013
24992
28371
29639
22469
24888
30086
14907
465
26164
28766
25835
9633
15971
21378
462
1288
8835
14352
13298
30448
17176
29208
14930
1086
24634
12806
27157
2352
28134
5775
8539
29837
4483
2133
1163
18327
9577
26761
21785
21498
26673
17252
30099
20632
20953
28941
16274
827
23922
27543
27194
13141
3949
258
2023
8521
24933
12520
9114
31449
5312
31577
1609
23249
6584
11959
30467
17321
9013
1799
9633
30135
4937
18943
18277
24950
14377
5899
29898
28199
25488
10682
11153
26041
24502
23799
2136
19995
17279
30438
22152
19033
15767
17795
667
26918
20949
12818
26247
30775
13093
14443
8784
6339
10304
7717
30833
13311
9723
1553
8598
12847
31605
26386
13924
30852
8704
3752
20836
12504
10925
21133
10804
30922
23559
17431
20549
20747
1957
25997
8638
11978
16300
19070
3520
12245
21564
26354
29326
18652
20749
3741
1124
27207
30439
24270
28880
21554
30175
16583
23785
31280
15909
8713
9649
5890
9858
14076
9508
13707
24923
9096
25505
25939
18069
26992
11821
6637
10148
28090
13020
22329
21024
7055
25325
12928
18912
5663
6427
27749
31062
6990
18059
18776
13633
11882
22093
1571
31511
30637
18115
1386
27200
11929
1721
13695
20596
9638
10755
13137
5815
8214
21900
28750
539
22082
22862
4358
4846
26231
3832
6857
12209
12186
28399
10051
27140
17148
13225
2383
16995
3371
11447
12608
12892
22876
726
14430
15911
8210
917
21024
10217
3609
23623
23583
17732
23583
2782
25362
1926
11054
8377
8744
5539
10771
2278
31643
29027
2807
14367
13256
15657
7703
21206
24657
213
27777
10117
11873
21401
18187
11951
23682
20636
21057
17185
24270
20039
5561
16926
2243
19526
20627
29804
4058
11760
28724
22737
15547
27751
5762
1430
14859
15787
20632
2906
18698
24330
2330
17948
25529
27176
8253
3649
11465
6382
15433
19330
13995
19613
29319
11308
12712
5000
16386
24592
1855
9877
21346
19312
23540
28126
16690
27197
10772
26632
30414
22075
20630
22927
21732
26377
25251
20968
25018
31382
17086
17310
27616
11251
22616
8138
11261
26566
13991
18293
16814
4837
23631
14050
11305
7529
25423
8133
2093
7109
11058
5351
14593
8745
14453
21604
15522
30353
13807
23506
8773
11376
6790
22140
23631
14739
16901
6140
6575
3806
15872
23844
25447
3529
22283
14563
7671
17898
10358
15126
30800
18382
4078
5304
31783
23748
24602
10016
21430
20596
18551
25489
25089
5311
25426
14842
11213
17645
22068
15275
27866
21749
22260
23892
29182
13206
14004
20935
29930
939
22530
19275
12205
29838
8161
4445
7157
21473
30732
30039
15050
46
1967
23866
9163
22111
27822
3479
18838
31607
7471
29552
26672
3750
22440
5126
7307
15943
5201
5060
14655
4459
10273
21842
22539
18613
29413
6808
4945
29435
18849
1565
1146
20261
8940
22186
10175
3013
4428
23432
16020
14233
20732
14488
10720
26095
31500
27013
27968
21391
5936
11089
20728
26578
7490
21401
31688
24916
17246
8017
14848
27072
8693
31684
7565
15403
29991
18754
11019
20446
24444
23372
30904
9330
15633
30774
14596
18112
28687
12868
6066
24425
31910
9052
8397
30287
31676
191
12715
20720
15012
2410
22048
30127
26665
1576
8820
18029
4026
14720
22436
6981
18972
4090
4735
13258
6239
27949
11523
1533
15347
20359
4585
27245
4224
11093
27369
28412
21431
13351
911
23712
6490
4680
29360
3684
1707
1639
27972
22135
443
1722
2206
29516
6005
19463
2581
22836
24853
10130
16274
3653
28389
11454
15160
7394
11314
9459
10838
867
791
13386
30756
7779
31607
17679
12068
5978
14813
16670
15908
12506
2948
5028
12630
17532
22043
511
8004
30099
11530
14504
14122
29890
17368
14636
18300
21561
27435
10996
29373
16302
27648
4582
13192
23536
25149
29839
13303
26657
18737
21573
22584
30342
10437
2608
3094
26544
16832
15243
17882
19069
16451
27066
8120
17611
26965
24788
24922
1846
15636
14218
19782
2152
11305
11902
12858
12102
11932
28713
5418
29683
20566
3784
28972
22416
21874
4044
27867
13734
2141
380
25744
13600
7387
21237
31267
25173
20137
26032
23400
8430
23141
26667
264
4425
30250
29765
29954
11136
30824
31510
16973
21784
7119
11906
4418
31042
9634
19453
17341
14655
8015
6761
3084
12526
16029
7282
3163
9303
2234
25322
13255
25109
18097
719
28333
3084
27431
1035
15291
7430
11935
19017
29223
25142
7041
2214
100
16272
25422
16378
19617
24353
21024
23941
11480
6344
31091
4210
26547
22364
5624
13470
10017
7315
7332
29473
9150
18605
13993
4
27821
25913
13249
31311
1532
6239
26495
22929
8368
8010
10284
1850
15553
12685
29621
23881
11645
16431
10522
19324
28649
6326
14198
14076
19810
23545
8483
15122
17574
29111
11770
9188
11535
1151
7469
4857
11360
25901
29332
30476
17141
8558
4498
23734
21338
5426
5737
25625
17353
23737
28578
23108
30463
30336
13418
25936
25859
10726
20624
14786
31656
19355
16226
18433
21300
6259
14121
29823
23544
22225
20700
8469
608
1393
13064
25423
4876
22513
3639
12997
15322
4941
24194
12942
87
28500
17728
18004
2115
5980
17812
10004
20704
21428
66
16030
12142
27710
4662
11200
3154
22628
7676
21841
22867
20798
28316
17459
11813
3461
3085
15281
25298
9449
16739
24330
15712
21590
7828
15607
12272
29967
794
6168
5310
19089
1865
4032
396
14368
2870
6084
11750
12139
4746
31571
15158
28240
12096
3149
25038
7023
22797
24268
9507
8452
5079
29891
18906
12422
8390
10324
9975
29925
4272
31970
28998
29591
13603
6999
2237
18329
2078
5949
15120
31418
13671
20109
29605
31789
883
22545
15403
14912
18652
21376
27286
19023
30207
9895
31258
20765
2312
25423
28735
10828
15934
2137
26793
18726
27584
19584
21381
8805
93
22978
29172
6310
1312
1785
13674
21659
5077
9884
3130
25464
7792
29200
13246
16815
22879
13330
18542
22760
22485
24977
13438
4124
10766
20483
1412
23884
1478